7896498996640743425
-5407697252565123071
5732237900712509460
3197274260456341527
4466163455467978775
5114963276786040855
-8987214531394535401
-3488882336328581097
26458647810801697
3280027903609274401
6131369417688219681
8469300574246928417
-2219430191363522527
1949214213721292835
4371024913339777059
-4153726231319150557
-1516587174517014493
2506534667608391722
4560176097689337898
6569063006473289770
6704170995294404650
7072621739808653354
7288231571969015850
-8673369932362153942
-7502152554269114326
7312438419966132268
-6712615244595724244
2750854947393241149
5824843168050315325
7139331309289078848
583216151744479297
1493787701403451457
5781214546660163649
7040252117486927937
-8596527263720144831
-3345611573182857151
-2240822289593532351
-1072982611221020607
1000925017183092814
2909325359281340494
3619486725522325582
4089268461652410446
4909486543787262030
6822390485512880206
-8318711461706727346
-8090998205547806642
-3892235977954951090
-2851341514078945202
-2044634230826205106
-1929229490374836146
-1525875848748466098
-1307732741797707698
3723632466905268311
6059030348673581143
-7334393468149563305
-5994572579006840745
-3477060387306733481
-3410069342849597353
-7090073188364713896
6488842638110752860
2685271277819658334
3310708676070735966
-9222246136947933090
-9194661589230288802
-5978528505334333346
-5831317092514660258
101612466592546917
2125136074165452906
1469862328383045739
3763038963644760171
3898991377396007019
5570108314127171691
6003579778261581931
6036230875560018027
6624232101908578411
6703889520317694059
7293298121549807723
-7826974677393211285
-4932004541924114325
-1847883222105456533
-568016503002103701
5302425611275337842
5332543433783378034
5568419464266907762
-8919660536983977870
-7840766951252033422
-4014677592824086414
-1725160132259610510
-3305079176536522637
1611162766691795060
1654509913105236085
3490289711212134517
113715890591105154
6629861601442791554
-4994773461730590590
5766014897917788300
-5212916568681348980
-3271020704354533236
8833247719133806739
-2721863024792043373
507217908032602260
1448470230153035924
2333427556931338388
2531867415512350868
2557763113369731220
2649523955777405076
2975753453785055380
3004745376386252948
4494310953139044500
5836665117072162964
6124614018247164052
7274720773086904468
7941253517937737876
8263823841248149652
8742049826679554196
-8931482486005825388
-7915639295057067884
-7742813659356725100
-7203226129002397548
-6642809450371481452
-5957980832034455404
-5469058797488045932
-5284411212765855596
-5148740273991319404
-4040854765658177388
-3551932731111767916
-3329848974487060332
-2979131153505582956
-2432225273756778348
-493707109150490476
179018085187977365
3509148534651748501
5815273018842153109
-613333974252519273
3896176627628900508
-4722024209297964900
211106232532992161
547187354725515425
962644420350443681
1735574706397905057
1808758200342675617
3674092871004192929
3870843879724941473
4429290233518882977
4763963980827852961
5849894440977563809
7307934820338761889
8985807156510982305
-8377258256862543711
-8183603472885612383
-5462866348000411487
-5205879694263582559
-4805622277381029727
-4698098836277559135
-3947686548366950239
-3759379788947521375
-2957176105322151775
-2293176635261714271
-1702079184169336671
-1093530284520898399
-199284283511144287
557601928863809712
1227793848411881648
3070610520936546480
3717721492394344624
-7912543070313250640
-7545499700682555216
-4606056518893174608
-4709920785299406667
1280992619010195640
1431300256573685944
183521684815347917
1569504470138618061
1789899376903061709
5066831055768518861
6705015420224536781
7936468443333656781
-9033657902551793459
-5287788912486383411
-3712654942813552435
-2642768556336348979
6344727450034897115
3925731500183519453
223491131508261088
-6493909187691544349
-383931868233334557
3374322020807344360
-4381720962454781720
-3328160124626796312
1145040205258948843
6292373104366715115
8505047896289181931
-3485504636608053013
-1703205084076179221
322288848333701357
3356589097274573037
8411598204021244141
-8363747457980432147
-7943505317751422739
-5316780835087580947
-4769874955338776339
-4128674958391901971
-2274317811822100243
1820298674387812590
2507942042491945198
2829104990918803694
3576139579108884718
4674736413210575086
5571234214034014446
5934899883944181998
6895292504480940270
8939645260330434798
-8357555008492797714
-8351644033981873938
-8019222086486589202
-6307854228085800722
-5845109366373482258
-5581930263149018898
-4713579959996645138
-4292774869814214418
-3912502176278118162
-1613696041482190610
-1065382786849832722
-712694641031380754
-3360811221925232400
2007761008877109496
377739418745700602
777996835628253434
1451847929873563898
1952873388418531578
2476416845100351738
2909606834258051322
3018537650245075194
3064136596472201466
3265954154773741818
5463992247907254522
7072340264831942906
7528329727103205626
8015844386766061818
8702080379986641146
-8560779941677891334
-7092606463155109638
-7072903214785363718
-6858700757508554502
-6547389433266568966
-5838635441909137158
-4825325525750775558
-1929229490374835974
-348466021167791878
841047230411440381
4348788390179635453
5818087768609259773
8252846317156434173
-6516427185828396803
-6479272488902590211
-2239414914709978883
-1304073567100468995
-6777635964215885570
5445696374421061887
5618240535144694015
2957176105322152195
6696008220969795843
319755573543305480
1137440380887761160
2528489715791823112
2749729047486398728
3439624215404216584
4531184175088140552
5586433862776389896
6536974859128275208
6587640354936193288
-9014799079112179448
-8508988545963130616
-7815434203348074232
-5592063362310602488
-5060638606280883960
-4830392075331567352
-4271664246560915192
-3594153977618366200
-3558125180599402232
-1498009826054110968
-1381197710719188728
-1097189459218136824
-641762946900295416
-410390516044136184
8074672656898588941
-3236680757195833075
2704974526189404432
3735735890903826712
-6847723233416838888
-5432467050515660520
-868350303152373478
-3998070569198157526
1910933616888643884
3365033346575892780
5260767314722160940
-8988058956324667092
-7262617349088345812
-3488882336328580820
-2297398759912373972
-832040031156698836
5924485309805887790
8552054217399861550
1857171896336908591
6350356949569110319
-8117738328335318737
1913466891679039792
3021352400012181808
4876553971512115504
8430175552484147504
175640385467449658
260364353457357114
730990514517573946
1514898324656750906
1607222117017846074
1748522555326595386
3142386639997763898
3293257227514675514
3473401212609495354
4818288651333009722
4846154674027364666
5125096375947624762
5335639658527195450
5707186627785261370
7429250535301054778
8058910058202792250
8744864576446660922
-9204231738438450886
-8522499344845242054
-8290845439012372166
-8255661066923540166
-8056658258389106374
-6954120774613466822
-6882063180575538886
-6172183289311264454
-5951788382546820806
-5637099358584307398
-4884716745836723910
-4309100418463432390
-3655796997517999814
-3589087428037574342
-1166432303488958150
-215609832160362182
6659416473997410626
-3489163811305291454
-1875467769823100606
65865144550293830
338051447029498182
1530942398329258310
2473320620356534598
3700551518814994758
4595078994801459526
6717681794176516422
8834092144063938886
9072219974361153862
-7146368183706844858
-6206241761493253818
-6165427889870208698
-6032290225886068410
-5333387858713509562
-5064579255954833082
-4921027017832398522
-3846355556751113914
-2905947659560812218
-2548474439138279098
56013520365420876
1199646350740816204
1353894637978255692
1622140290783510860
2152157671929676108
2250110963824984396
2467691120822321484
3157867763716849996
3826089358427947340
4100808935697547596
4870080047047770444
5339861783177855308
5610922185750217036
7140175734219211084
7318912344430477644
7604609445791793484
-8807914971229847220
-7956453166680112820
-7238129026114518708
-7224336752255696564
-5990631929332891316
-5686357479508672180
-4456030356306394804
-4425349583844933300
-4239294624239189684
-4212273026474966708
-4112349409742683828
-3977804370874990260
-3949375398227214004
-3274116929098350260
-3110861442606169780
-2095862676587544244
-1929229490374835892
-1487595251915816628
-638385247179767476
-8896861063870414511
-2572399812158684847
-1750211405186858671
64457769666740562
1849290596989010258
2014797883294875986
5570389789103882578
6620854402188050770
-8723191003239939758
-5441755724747112110
-4590293920197377710
-3699988568861572782
-117375065288343214
1424544857132630357
1824802274015183189
1914874266562593109
8322933586357387605
-9216616637413719723
-9151314442816847531
-8568942716002500267
-8485907597872856747
-7461620157622779563
-7365355715587735211
-4614219293217783467
-3696610869141044907
-3660300597145370283
-1966947137254063787
-1758374179511467691
-475974185617718955
1393019659741036887
2162009296114549079
7572239823470068055
-4916241943228317353
-4035788216077385385
-621778223553838761
1964413862463668568
2448269347429286232
4839962224539730264
-8772730599141015208
-7439946584416059048
-5947566257896160936
-5171258272128171688
-4944952390852804264
-3182919036644097704
-2714544675397566120
-1769633178579893928
579556977047241052
4350758715016610140
6319676177107648860
-5123970476040781476
-2276851086612496036
-1969761887021170340
2319353808095805792
3986530095153021280
4229161525077606752
7720295661219873120
-1849290596989009568
8850136217736446305
-9130485294540258975
-2767743445995880095
2995456702154801510
6396237370772947302
7106961686967353702
8259883191574200678
-3185452311434493594
-2087981377239645850
-1284651793707433626
-260364353457356442
4353573464783716715
7373799964889055598
7590535696956260718
-2950983655834517138
914512199332921713
2023523607572906353
8009933412255138161
8303793287941063025
8682095656640184689
9016206453995733361
-9112189421054066319
-7148619983520530063
-3777112712480292495
-1839438972804136591
-1115766807681040015
3503237560140824951
-7430376435207896713
6144035791640199545
3171660037575672191
4178777504246399359
8335599960309367167
8817485120438010239
-7494834204874636929
-6192730962611142273
-5596004011984551553
-5555753090314927745
-5548716215897161345
-4812096201845374593
-4507821752021155457
-2641079706476084865
-2121758374444924545
-864128178501713537
-377176468792278657
8998473530462962070
-5807391719494254186
-3287627727980461674
-2821223691570904682
-1313643716308631146
2028871632130408856
2329205432280678808
6605373278468964760
8646348334597931416
9117255970634858904
-7531707426823732840
3484097261724500377
-8777515673745096295
-7296112871316913767
-6154731840755203687
-1586674443717967463
1661828262499713436
1698420009472098716
2859222813426844060
4731312883529417116
5157184523292639644
5292855462067175836
5789377320984773020
-9065183099943386724
-8237928143390768740
-6956654049403862628
-6404963095050976868
-660903245316619876
1293940467938886046
1798906576157802910
2443765747801915806
3207970309571346846
4246894448610378142
6216093385678127518
7303712695688102302
9207609438158979486
-8847884417922760290
-8664925683060833890
-6919499352478056034
-6438740092256255586
-5896900762088242786
-5772770297358843490
-4271101296607493730
-4130926758205587042
-3971611921387355746
-1959628787859586658
-1888697093728501346
-345369796423974498
2820097791664062883
4920182592902267299
-8156581875121389148
357473220422533543
735212639168233895
1226104998551617959
1622984715713642919
2509630892352209319
2768306395949302183
4161044580713628071
6383852471797678503
8516588370334319015
-8384295131280309849
-7848085300646510169
-7759702157959364185
-5259359939838606937
-5235153091841490521
-4562146422526312025
-4139089532530196057
-2961116754996100697
-2772247045623250516
-724235115076517460
1223571723761222063
1890385943588766127
2835860390359859631
2847682339381707183
2934939582162010543
3688166619839725999
4170614729921790383
4394387336406761903
5115526226739462575
6022157126724485551
7129479685104206255
8769915849373909423
9083478973429580207
-9001851230183489105
-7900439646314692177
-5284692687742565969
-5253167490350972497
-2396196476737814097
-1882786119217577553
-1377820010998660689
300896750103691696
1023443015319945648
3047248097869562288
3476215962376602032
5407697252565123504
5835820692142031280
6408903744724926896
7223773802302276016
7315534644709949872
-8688851056081239632
-8534039818890378832
-8062287757923319376
-7960112341377351248
-6611847202933309008
-5049379607212457552
-3273272504168218192
-2482046344634564176
-595038100766326352
-515099207380500048
-399131516975709776
-8802848421649055311
-108086391056891471
5543086716362949043
6887129730156331443
7179863705935413683
-7613616645046533709
-7376051764702740045
-2815594192036691533
-2471350295519559245
-2045197180779626061
2895814560399229364
5162251072873431476
994451092718748095
-7967149215795117633
-7303712695688101441
1112952057913934273
4065061613655294401
7612490745139691969
8408220504300716481
-8125901102659927615
-8105634904336760383
-7301742370851126847
-4519925176019713599
-4398327986080710207
-4051269339796471359
-3888295328281001535
-2749447572509687359
9112189421054067140
-8319837361613569596
973058994488738246
2626161532710420934
6542041408709067206
7679481789596828102
-7971089865469066810
3084684269772079559
-1979332036229332537
91197892454253000
2324983307630019016
2338775581488841160
3088343444469318088
3556717805715849672
3559814030459666888
3962041772179194312
5536049841945182664
6117858618806108616
6868833856670138824
-9171299166163303992
-9165669666629090872
-9113033845984198200
-7118502161012489784
-6911618053130157624
-6594114279400537656
-5714786452156448312
-4592545720011062840
-4218746950939311672
-3978648795805122104
-3578109903945858616
-3520126058743463480
-2775624745343778360
-1887008243868237368
-1110981733076958776
-669347494617939512
-644577696667401784
4320640892508570057
-9177773090627649079
-4270256871677361719
-4204954677080489527
-896216325846728247
3015159950524547530
3062729221588648394
-4178496029269687862
14918173765665230
1062568037082726862
6681090047204131278
8085368706013594062
-2593510435411983922
-1865897620614938162
3116490942140383696
6494753612621677008
7350437541822071248
8445093726249812432
-7421369235953155632
-4850376798678023728
-1944429139117211184
3523222283487281617
3665930096679584209
5789095846008062417
-6275484605764075055
-3849170306518220332
1557682521116770775
3131972065859469783
4558768722805785047
7098517437666034135
-4658692339538066985
-2324701832653307433
-2160601921230994985
2318790858142384600
2958302005228995032
3161245463437378008
-9067716374733782568
-2856126588683025960
-391250217627811368
494833009057333721
8748523751143899609
-8229765369066159655
6094496195739124189
-7406169587210780195
284571201454473696
1417507982714864096
1460573654151594464
2282480586146709984
3028670749406659040
3115365042233541088
6255781357394330080
7943786792728134112
8036392060065939936
-8380635956583071264
-6093651770808991264
-5091600853719055904
-4421408934170983968
-4155133606202703392
-3169689712738696736
-2660220004892409376
-2293458110238424608
-530017381146164768
2041538006082388450
3576139579108884962
4740038607807447522
8954281959119389154
9109093196310249954
8328281610914890213
8691947280825057765
-7622342369324563995
-3590213327944416795
-1210623874832530971
1065664261826544106
4327114816972915178
596726950626591213
1695886734681702893
1698982959425520109
2133861798443483629
3892517452931662317
6496160987505230317
7225744127139250669
8619045261856997869
8696450880452428269
9074753249151549933
-6850256508207234579
-6403274245190712851
-4614219293217783315
-4539065474436038163
-3435683565730266643
-2183401394344558099
-2122039849421635091
-1678153811148930579
1976517286462226926
-7580965547748097554
-5771644397452000786
-3141260740090920466
5018417359774286321
6828019985047093745
-8027103385834487311
-7493145355014372879
3960071447342219768
7758013308099101176
-7739435959636196872
-2827416141058539016
948570671514911231
1275363119475982847
1534038623073075711
1932325715118653951
2988419827737035263
3564036155110326783
3690981369606832639
3750654064669491711
4318107617718174207
4578753446152241663
4783104279244177919
5400378903170646527
5458081273396331007
6231574509397213695
6394829995889394175
7735776784938959359
7900721121291403775
8234831918646952447
8276490215200129535
8368814007561224703
-8108731129080577537
-6369215773008723457
-6048334299558575617
-5890426837623897601
-3275242829005192705
-3067514296192728577
-2576621936809344513
-2189312368855481857
-1520246349214252545
-1389641960020508161
-1192046526369627649
-754634412561268225
-349873396051344897
-8556276342050520576
-8263542366271438336
-2408299900736372224
2327798057397125633
3116772417117094401
3649604548030366209
4613937818241073665
5397564153403539969
6502916386946286081
7846677925762957825
8519684595078136321
-8111545878847684095
-8058910058202791423
-7188026480260021759
-4356388214550822399
-2593791910388694527
-482729585058774521
2770276720786276875
8031325510485148171
-4051269339796471285
-755197362514689525
1049338713177326092
4009892518220005900
6839841934068941324
-8892920414196465140
456270937247973904
701717116939665936
6753992066172191248
8368251057607803408
1434115006340792849
6691504621342425617
6931321301499904529
-4358921489341218287
-3490008236235423215
-2556918688439598575
5860871965069279766
7389281088608141846
9008043679671124502
-7910572745476275690
-3520407533720174058
-1199927825717525994
8855765717270659607
-3779645987270688233
360006495212929570
656399645689250338
1808195250389254690
2096425626540966434
2567051787601183266
3451446164426064418
3888013853304291874
7995296713466184226
8376976781885833762
8702924804916773410
-7299490571037441502
-6477020689088904670
-4371024913339776478
-3573606304318488030
-2055048804964498910
-674132569222020574
-244883229738270174
2118662149701108259
3469742037912257059
434315889064542757
-4087579611792145883
676947318989128232
718042665588884008
1706019833843286568
2346938355813450280
2506534667608392232
2865696737891189288
3028952224383369768
4224657925450236456
4844184349190390312
5387712529218667048
7211951853280428584
7411799086744994344
9084323398359712296
-8219913744881286616
-7786442280746876376
-7443042809159876056
-7324823318941400536
-6640839125534506456
-6263662656742227416
-3898428427442585048
-951103946305306072
-442197188412440024
-303992974847507928
-150589112540200408
-137078313658088920
334110797355549228
549157679562490412
857654254037369388
1289718343288226348
1370220186627473964
1709960483517235756
2762676896415089196
3115646517210251820
3357433522204705324
3552214206088479276
3808356434895176236
3935301649391682092
3957256697575113260
4049861964912919084
5035587333353636396
5041498307864560172
5257952564955054636
5716475302016713260
5953477232407085612
6164020514986656300
6279425255438025260
6370060197938856492
6627609801629106732
6794805937795236396
6824642285326565932
6834212434534728236
6849975033230524972
7183804355609362988
7213922178117403180
8333911110449103404
8628333936088449580
8771041749280752172
8994532880789013036
-9066308999850229204
-7835700401671241172
-7813182403534388692
-7329889868522192340
-6429169943048093140
-6070570822718717396
-5957980832034454996
-5922796459945622996
-5845672316326903252
-5766296372894498260
-5715067927133158868
-5657647031884185044
-5169006472314486228
-4647996290423061972
-4474889179746008532
-4342032990738578900
-4033817891240410580
-3975271096084594132
-3755720614250282452
-3490008236235423188
-2511882692165893588
-2497527468353650132
-2494994193563254228
-2143150472674934228
-1916844591399566804
-1640999114223123924
-1475210352940547540
-1173187702930013652
-1093811759497608660
-22799473113562580
-255860753829985745
1415819132854600240
7083317788923658800
-1131810881353547216
5312558710436921906
8858298992061055538
22236523160142387
276971377083286067
811210882880111155
2771965570646540851
3246250906403996211
6000765028494475827
7333267568242721331
7407014012140913203
-9021273003576524237
-7967149215795117517
-7541277576031894989
-6363304798497799629
-6100125695273336269
-3804415785221225933
-1666331862127082957
-400538891859262925
7998674413186712116
7845270550879404598
-2708352225909931463
7783909005956481595
8534602768843801147
8793559747417604667
9039287402086007355
9124855795006046779
-7572802773423488453
-5960232631848140229
-4087016661838724549
-3243436156636888517
-2884555561330802117
-1930918340235099589
-1384293935463005637
-1234830722829647301
3329286024533639742
7708755187174736446
8324340961240941118
-5137199799946182082
-3880414028933103042
-3218384883709640130
-971651619605183938
498492183754572352
3439342740427506240
4012707267987112512
4887812970580542016
6814790661141692992
6911618053130158656
8438338326808756800
9172425066070147648
-9037880027202452928
-8857736042107633088
-8821425770111958464
858498678967501381
2522297266304188997
3526318508231098949
5496924820182401605
7730147285404746309
7847803825669800517
-7481041931015814587
-5698742378483940795
-567453553048681915
1366842486906946119
1764566628999103047
2606739759317385799
3192207710875550279
4729624033669153351
4999840011311383111
6264507081672360519
7072058789855232583
-8649444559341747641
-7686237189037882809
-3034863198894292409
-1323495340493503929
3191363285945418318
8526721469495902798
-2622502358013181362
-690176642894527922
-95420017104911794
4036632641007518289
5865657039673360977
6842093733882626641
7617275819743773265
8847884417922761297
-3239495506962939311
-855402454223682991
-334392272332258735
8444249301320274
445011938179547730
3986248620176310866
5733082325642642002
8671962557478601298
-8444249301319679406
-7578432272957701550
-5782903396520426926
-4732157308459548078
-4041417715611598254
-3602879701896396206
-3580643178736254382
-2239977864663399854
-1874341869916257710
-879327827244088750
149463212633358933
263742053177885269
1205275850275029589
6870804181507113557
-6025253351468301739
-4058587689190948267
-3248784181194390955
7039689167533507161
-4175962754479291815
-20266198323166631
-8212032445533388197
574208952489738849
3986248620176310881
4113756784626238049
4685150987348869729
-6479835438856011167
1661546787523002982
2041538006082388582
4058587689190949478
-4203265827220225431
9207609438158979696
7576180473144017523
-6926817701872532877
-6577507255774608781
-2652901655497932173
-774056185954303373
1775262678114108026
-7942097942867869061
-7169730606773828997
-1217379274273586554
-5888175037810212214
-2352567855347662198
-422212465065983350
